-44.7998718 28.7804993
-44.7965435 28.7789497
-44.7931948 28.7774062
-44.7898758 28.7758187
-44.7865658 28.7743068
-44.7831762 28.7727267
-44.7798483 28.7711802
-44.7765052 28.7696707
-44.7732047 28.7680985
-44.7698857 28.7665838
-44.7665923 28.7650615
-44.7632667 28.7635053
-44.7599178 28.7619810
-44.7566548 28.7604468
-44.7532682 28.7588933
-44.7499407 28.7573485
-44.7466268 28.7558233
-44.7433307 28.7542493
-44.7400123 28.7526883
-44.7366508 28.7511105
-44.7332800 28.7495557
-44.7298915 28.7480432
-44.7265222 28.7464828
-44.7231828 28.7448733
-44.7198437 28.7433178
-44.7165542 28.7417768
-44.7131272 28.7402105
-44.7097603 28.7386732
-44.7064620 28.7371480
-44.7030485 28.7355528
-44.6997605 28.7340185
-44.6964155 28.7324573
-44.6930207 28.7308442
-44.6896688 28.7292862
-44.6863387 28.7277440
-44.6829777 28.7261877
-44.6796207 28.7245683
-44.6762250 28.7229955
-44.6728698 28.7213975
-44.6695182 28.7198218
-44.6661638 28.7182418
-44.6628127 28.7166380
-44.6594215 28.7150023
-44.6560532 28.7133872
-44.6526803 28.7117712
-44.6492788 28.7101885
-44.6459690 28.7085502
-44.6425233 28.7069158
-44.6391743 28.7052978
-44.6360530 28.7034118
-44.6329562 28.7015685
-44.6298270 28.6997375
-44.6266913 28.6979043
-44.6235087 28.6960745
-44.6203265 28.6942265
-44.6172207 28.6924312
-44.6139937 28.6905527
-44.6107938 28.6887282
-44.6077037 28.6868890
-44.6044850 28.6850237
-44.6012958 28.6831583
-44.5981150 28.6812655
-44.5948610 28.6794678
-44.5916598 28.6776812
-44.5884840 28.6758762
-44.5853660 28.6740543
-44.5822313 28.6722557
-44.5791002 28.6704402
-44.5758982 28.6686335
-44.5727063 28.6667535
-44.5695543 28.6648725
-44.5663423 28.6629990
-44.5631280 28.6611137
-44.5599437 28.6593300
-44.5567615 28.6575183
-44.5535822 28.6556525
-44.5503437 28.6537760
-44.5470898 28.6518970
-44.5438403 28.6500377
-44.5405937 28.6481870
-44.5373335 28.6462722
-44.5340643 28.6443852
-44.5307998 28.6425218
-44.5276155 28.6406398
-44.5243862 28.6388137
-44.5211850 28.6369647
-44.5179825 28.6350743
-44.5147622 28.6331988
-44.5115662 28.6313198
-44.5083198 28.6294755
-44.5050403 28.6276492
-44.5018108 28.6258047
-44.4985687 28.6239822
-44.4953688 28.6221353
-44.4921305 28.6202602
-44.4888673 28.6184358
-44.4856403 28.6165533
-44.4823995 28.6146485
-44.4791080 28.6128100
-44.4758702 28.6109718
-44.4726392 28.6091110
-44.4694252 28.6072570
-44.4662160 28.6054135
-44.4629587 28.6035692
-44.4597050 28.6016955
-44.4564367 28.5998270
-44.4532363 28.5979087
-44.4499578 28.5960552
-44.4467227 28.5941833
-44.4434472 28.5923158
-44.4401670 28.5904787
-44.4369120 28.5885367
-44.4336092 28.5866855
-44.4303615 28.5848087
-44.4270982 28.5829538
-44.4238330 28.5810748
-44.4205713 28.5791902
-44.4173053 28.5773187
-44.4140402 28.5754330
-44.4108008 28.5735887
-44.4075557 28.5717338
-44.4043362 28.5699453
-44.4011320 28.5681533
-44.3979235 28.5662957
-44.3947150 28.5644745
-44.3915033 28.5626145
-44.3882947 28.5607085
-44.3850310 28.5588308
-44.3818120 28.5569662
-44.3785740 28.5551185
-44.3754078 28.5532427
-44.3721653 28.5513100
-44.3689527 28.5494875
-44.3657990 28.5476607
-44.3625585 28.5457620
-44.3593773 28.5439095
-44.3561750 28.5420348
-44.3529793 28.5401813
-44.3497703 28.5383397
-44.3466285 28.5365578
-44.3433827 28.5347048
-44.3401730 28.5328638
-44.3369472 28.5309923
-44.3337005 28.5290963
-44.3304885 28.5272573
-44.3272682 28.5253788
-44.3240177 28.5235153
-44.3207757 28.5216673
-44.3175575 28.5198083
-44.3143373 28.5179602
-44.3111093 28.5160598
-44.3079550 28.5142033
-44.3047197 28.5123037
-44.3014703 28.5104638
-44.2982425 28.5086285
-44.2950365 28.5067955
-44.2918290 28.5049363
-44.2886013 28.5030955
-44.2854293 28.5011977
-44.2822462 28.4993592
-44.2790203 28.4975635
-44.2758197 28.4957418
-44.2726328 28.4939012
-44.2694200 28.4920298
-44.2661895 28.4901675
-44.2629798 28.4882677
-44.2597527 28.4864015
-44.2565298 28.4845333
-44.2533887 28.4826902
-44.2502007 28.4808710
-44.2470113 28.4789720
-44.2438003 28.4770605
-44.2405568 28.4751342
-44.2372770 28.4732058
-44.2339912 28.4712738
-44.2307518 28.4693190
-44.2274453 28.4674360
-44.2241553 28.4655888
-44.2209227 28.4637413
-44.2176202 28.4618787
-44.2144015 28.4600607
-44.2112152 28.4582702
-44.2080327 28.4564590
-44.2048298 28.4546755
-44.2016465 28.4528155
-44.1984528 28.4510273
-44.1952528 28.4492423
-44.1920362 28.4474445
-44.1888225 28.4456758
-44.1856290 28.4439087
-44.1824517 28.4421105
-44.1792670 28.4402867
-44.1760772 28.4384572
-44.1728807 28.4366713
-44.1696935 28.4348778
-44.1665100 28.4330472
-44.1633140 28.4311895
-44.1601018 28.4294223
-44.1569640 28.4275990
-44.1538533 28.4257568
-44.1507583 28.4238823
-44.1477000 28.4220140
-44.1445820 28.4202470
-44.1414832 28.4184060
-44.1383758 28.4165123
-44.1352660 28.4146657
-44.1321590 28.4127847
-44.1290028 28.4109458
-44.1258657 28.4090462
-44.1227098 28.4071935
-44.1195565 28.4053248
-44.1163915 28.4034797
-44.1132397 28.4016628
-44.1100842 28.3998405
-44.1069735 28.3979410
-44.1038153 28.3960562
-44.1006187 28.3942115
-44.0974150 28.3923192
-44.0942692 28.3904337
-44.0911090 28.3885180
-44.0879042 28.3866438
-44.0847245 28.3847580
-44.0814710 28.3829152
-44.0782185 28.3809950
-44.0749143 28.3790923
-44.0716705 28.3771555
-44.0684453 28.3752192
-44.0652022 28.3733555
-44.0619257 28.3715015
-44.0586495 28.3696680
-44.0553905 28.3678210
-44.0521667 28.3659165
-44.0489640 28.3640350
-44.0456912 28.3621747
-44.0424018 28.3603173
-44.0391325 28.3584082
-44.0358578 28.3565175
-44.0326057 28.3546007
-44.0293262 28.3526983
-44.0261087 28.3508033
-44.0228558 28.3489145
-44.0196413 28.3470657
-44.0162972 28.3451747
-44.0130487 28.3433217
-44.0098922 28.3415112
-44.0067110 28.3395785
-44.0036092 28.3375668
-44.0005620 28.3355510
-43.9975230 28.3335615
-43.9944628 28.3315902
-43.9914027 28.3296057
-43.9883358 28.3276182
-43.9852847 28.3255973
-43.9823060 28.3236328
-43.9792277 28.3216053
-43.9761460 28.3196103
-43.9731095 28.3176688
-43.9699005 28.3156503
-43.9666945 28.3137633
-43.9635017 28.3118887
-43.9602982 28.3100175
-43.9570840 28.3081298
-43.9539695 28.3062827
-43.9507160 28.3044262
-43.9475008 28.3025800
-43.9442695 28.3007535
-43.9410243 28.2989283
-43.9377448 28.2971502
-43.9345335 28.2954082
-43.9312418 28.2935817
-43.9280023 28.2918613
-43.9247923 28.2901457
-43.9216042 28.2883930
-43.9184277 28.2865642
-43.9152585 28.2847585
-43.9120210 28.2829225
-43.9088132 28.2811378
-43.9056868 28.2793688
-43.9024195 28.2775448
-43.8991705 28.2757638
-43.8959877 28.2739220
-43.8927618 28.2720977
-43.8895393 28.2703235
-43.8863738 28.2685283
-43.8831817 28.2667392
-43.8799848 28.2649440
-43.8767503 28.2631905
-43.8735475 28.2614157
-43.8703322 28.2596515
-43.8671285 28.2578288
-43.8638922 28.2560255
-43.8606760 28.2542170
-43.8574945 28.2523720
-43.8543580 28.2505728
-43.8512342 28.2488020
-43.8480758 28.2469863
-43.8449185 28.2451775
-43.8417562 28.2433543
-43.8386180 28.2415293
-43.8354195 28.2397543
-43.8322698 28.2379468
-43.8290733 28.2361940
-43.8259237 28.2344478
-43.8227745 28.2326518
-43.8197055 28.2309493
-43.8166073 28.2292485
-43.8134672 28.2274645
-43.8103292 28.2256938
-43.8071742 28.2238932
-43.8039823 28.2221080
-43.8008430 28.2203122
-43.7977018 28.2185045
-43.7945180 28.2167080
-43.7913978 28.2148905
-43.7882883 28.2131277
-43.7851303 28.2113130
-43.7820212 28.2094920
-43.7788193 28.2076940
-43.7756420 28.2058668
-43.7725332 28.2040082
-43.7693647 28.2022008
-43.7662295 28.2004048
-43.7631102 28.1985888
-43.7599683 28.1967727
-43.7568073 28.1949128
-43.7536265 28.1930720
-43.7504510 28.1912608
-43.7472987 28.1894038
-43.7441585 28.1875403
-43.7410530 28.1856110
-43.7378848 28.1837678
-43.7347635 28.1818763
-43.7316017 28.1800170
-43.7284548 28.1781660
-43.7253453 28.1762415
-43.7222045 28.1743555
-43.7190948 28.1724887
-43.7160140 28.1705892
-43.7129615 28.1686868
-43.7098915 28.1667412
-43.7067942 28.1648147
-43.7036640 28.1628828
-43.7005347 28.1609277
-43.6974065 28.1590092
-43.6942278 28.1571702
-43.6909453 28.1554568
-43.6876772 28.1537553
-43.6844420 28.1520620
-43.6811897 28.1503687
-43.6778900 28.1486853
-43.6745937 28.1469963
-43.6712608 28.1453008
-43.6679393 28.1436160
-43.6646643 28.1419020
-43.6613550 28.1402010
-43.6580338 28.1384497
-43.6546637 28.1367533
-43.6513982 28.1350660
-43.6481255 28.1333598
-43.6448375 28.1316880
-43.6415455 28.1299697
-43.6382090 28.1282828
-43.6349370 28.1265680
-43.6316372 28.1249158
-43.6283210 28.1232607
-43.6250297 28.1215880
-43.6217857 28.1199492
-43.6185927 28.1182368
-43.6153790 28.1165922
-43.6121553 28.1149773
-43.6089652 28.1133408
-43.6057635 28.1117005
-43.6024807 28.1100300
-43.5991330 28.1083528
-43.5958867 28.1066360
-43.5926075 28.1049385
-43.5893743 28.1033347
-43.5861048 28.1016838
-43.5828845 28.1001038
-43.5797430 28.0985752
-43.5765135 28.0969880
-43.5733903 28.0953992
-43.5702275 28.0938542
-43.5669203 28.0922295
-43.5636680 28.0906218
-43.5604043 28.0889542
-43.5571898 28.0873117
-43.5539377 28.0857272
-43.5506962 28.0840772
-43.5473695 28.0824887
-43.5440968 28.0808278
-43.5407697 28.0791820
-43.5374478 28.0775352
-43.5341493 28.0759157
-43.5308028 28.0742987
-43.5275135 28.0727287
-43.5241397 28.0711452
-43.5207890 28.0696140
-43.5173533 28.0679310
-43.5139710 28.0662998
-43.5106843 28.0647113
-43.5074820 28.0629865
-43.5042707 28.0612378
-43.5010172 28.0595068
-43.4977852 28.0577800
-43.4945430 28.0560520
-43.4913165 28.0543312
-43.4880975 28.0525817
-43.4848435 28.0508503
-43.4815982 28.0491068
-43.4784258 28.0473410
-43.4751933 28.0456368
-43.4720197 28.0439583
-43.4688585 28.0422618
-43.4656913 28.0405662
-43.4625252 28.0388748
-43.4593507 28.0371320
-43.4561487 28.0354228
-43.4529980 28.0337197
-43.4498633 28.0320125
-43.4467482 28.0303098
-43.4436133 28.0285613
-43.4404558 28.0268190
-43.4372595 28.0250505
-43.4340488 28.0233103
-43.4307593 28.0216543
-43.4274597 28.0200207
-43.4242118 28.0184580
-43.4208835 28.0168490
-43.4175998 28.0152472
-43.4143263 28.0137178
-43.4111268 28.0121178
-43.4079293 28.0105563
-43.4047073 28.0090008
-43.4014777 28.0073547
-43.3981940 28.0057833
-43.3949465 28.0042137
-43.3917452 28.0026333
-43.3888587 28.0012663
-43.3869477 28.0004098
-43.3861423 28.0000327
-43.3858985 28.0000977
-43.3855003 28.0002465
-43.3846432 28.0004265
-43.3833147 28.0006335
-43.3811132 28.0002228
-43.3787568 27.9991208
-43.3760080 27.9977440
-43.3729717 27.9962425
-43.3697982 27.9947552
-43.3666825 27.9931832
-43.3634545 27.9916842
-43.3602283 27.9901642
-43.3571288 27.9884287
-43.3540462 27.9866970
-43.3509077 27.9850223
-43.3477823 27.9833358
-43.3447095 27.9815990
-43.3415988 27.9798905
-43.3384808 27.9782032
-43.3354080 27.9764843
-43.3323373 27.9747548
-43.3292292 27.9730092
-43.3261638 27.9712738
-43.3231073 27.9695537
-43.3200440 27.9678428
-43.3169522 27.9661357
-43.3138868 27.9644445
-43.3108428 27.9627177
-43.3078302 27.9610652
-43.3049140 27.9594438
-43.3019307 27.9577888
-43.2989118 27.9560803
-43.2958453 27.9544157
-43.2928235 27.9527395
-43.2897817 27.9510213
-43.2867280 27.9493565
-43.2836845 27.9477193
-43.2807083 27.9460495
-43.2776558 27.9444245
-43.2746375 27.9427923
-43.2716322 27.9412000
-43.2686185 27.9395227
-43.2655073 27.9379522
-43.2624132 27.9363192
-43.2593552 27.9346463
-43.2562812 27.9330088
-43.2532683 27.9313977
-43.2502640 27.9297635
-43.2471903 27.9281692
-43.2441283 27.9265092
-43.2410518 27.9248970
-43.2379680 27.9232958
-43.2349050 27.9216607
-43.2318383 27.9200143
-43.2287797 27.9184038
-43.2257975 27.9168207
-43.2227030 27.9151795
-43.2196313 27.9135455
-43.2165945 27.9119425
-43.2136345 27.9103297
-43.2106748 27.9087003
-43.2076507 27.9070810
-43.2046538 27.9054068
-43.2016543 27.9037502
-43.1986700 27.9020782
-43.1956267 27.9004150
-43.1926143 27.8987197
-43.1896377 27.8970672
-43.1866323 27.8953758
-43.1835972 27.8937478
-43.1806080 27.8920797
-43.1775638 27.8904070
-43.1745350 27.8887225
-43.1714865 27.8870198
-43.1685158 27.8853508
-43.1654257 27.8836757
-43.1623475 27.8819768
-43.1592950 27.8803147
-43.1562923 27.8786510
-43.1532788 27.8770010
-43.1502333 27.8753510
-43.1472350 27.8736493
-43.1443253 27.8719580
-43.1413010 27.8702723
-43.1382620 27.8686080
-43.1352213 27.8669355
-43.1322032 27.8652753
-43.1291862 27.8635448
-43.1262250 27.8618433
-43.1231873 27.8602068
-43.1201300 27.8585177
-43.1171653 27.8568722
-43.1142197 27.8552297
-43.1111962 27.8535793
-43.1081845 27.8519137
-43.1051842 27.8502180
-43.1022058 27.8484875
-43.0992217 27.8467978
-43.0962255 27.8450547
-43.0931835 27.8433593
-43.0901713 27.8416967
-43.0871082 27.8399812
-43.0840478 27.8382732
-43.0810505 27.8365987
-43.0780235 27.8347983
-43.0750562 27.8330967
-43.0721110 27.8314507
-43.0690707 27.8297352
-43.0660927 27.8280083
-43.0631073 27.8263395
-43.0601512 27.8247107
-43.0572028 27.8230503
-43.0543320 27.8213773
-43.0513562 27.8197000
-43.0483677 27.8180625
-43.0453513 27.8164443
-43.0424237 27.8148412
-43.0395085 27.8132262
-43.0365402 27.8116153
-43.0335655 27.8100325
-43.0305603 27.8084842
-43.0275832 27.8068473
-43.0246307 27.8052395
-43.0217428 27.8036398
-43.0188413 27.8020375
-43.0158648 27.8004372
-43.0129390 27.7988038
-43.0099517 27.7971598
-43.0069733 27.7955018
-43.0039965 27.7939060
-43.0010372 27.7922957
-42.9980697 27.7906755
-42.9950355 27.7890927
-42.9920765 27.7875130
-42.9891193 27.7858795
-42.9861183 27.7842703
-42.9831037 27.7827007
-42.9801270 27.7810845
-42.9771468 27.7794970
-42.9742008 27.7778990
-42.9713472 27.7763288
-42.9683900 27.7747238
-42.9654735 27.7730497
-42.9625282 27.7714320
-42.9595728 27.7698258
-42.9567005 27.7682348
-42.9537027 27.7665977
-42.9507232 27.7650018
-42.9478160 27.7634390
-42.9448673 27.7618268
-42.9419392 27.7602442
-42.9390062 27.7586358
-42.9360745 27.7570565
-42.9332297 27.7555542
-42.9303405 27.7540613
-42.9274380 27.7524867
-42.9244553 27.7508737
-42.9214862 27.7492977
-42.9185352 27.7476628
-42.9155842 27.7460770
-42.9127418 27.7444722
-42.9098312 27.7429180
-42.9069023 27.7413268
-42.9039658 27.7398100
-42.9010515 27.7382178
-42.8981752 27.7366928
-42.8952705 27.7351270
-42.8923583 27.7335385
-42.8894392 27.7319430
-42.8864967 27.7303263
-42.8835723 27.7287323
-42.8806123 27.7271743
-42.8776995 27.7255892
-42.8747328 27.7240162
-42.8718593 27.7223780
-42.8689040 27.7208022
-42.8660242 27.7192340
-42.8630667 27.7176533
-42.8600770 27.7160290
-42.8570887 27.7144292
-42.8541060 27.7128060
-42.8511355 27.7111738
-42.8481653 27.7095915
-42.8452638 27.7080853
-42.8423933 27.7065647
-42.8394917 27.7050375
-42.8365667 27.7034303
-42.8336155 27.7018913
-42.8306545 27.7002715
-42.8277132 27.6986968
-42.8247665 27.6971130
-42.8218342 27.6955425
-42.8189208 27.6939442
-42.8160013 27.6923545
-42.8131188 27.6907628
-42.8101830 27.6891823
-42.8072380 27.6875763
-42.8042543 27.6858938
-42.8013125 27.6843052