2.80550340e+01
2.80563888e+01
2.80577436e+01
2.80590985e+01
2.80604533e+01
2.80618081e+01
2.80631629e+01
2.80645178e+01
2.80658726e+01
2.80672274e+01
2.80685822e+01
2.80699370e+01
2.80712919e+01
2.80726467e+01
2.80740015e+01
2.80753563e+01
2.80767112e+01
2.80780660e+01
2.80794208e+01
2.80807756e+01
2.80821304e+01
2.80834853e+01
2.80848401e+01
2.80861949e+01
2.80875497e+01
2.80889046e+01
2.80902594e+01
2.80916142e+01
2.80929690e+01
2.80943239e+01
2.80956787e+01
2.80970335e+01
2.80983883e+01
2.80997431e+01
2.81010980e+01
2.81024528e+01
2.81038076e+01
2.81051624e+01
2.81065173e+01
2.81078721e+01
2.81092269e+01
2.81105817e+01
2.81119365e+01
2.81132914e+01
2.81146462e+01
2.81160010e+01
2.81173558e+01
2.81187107e+01
2.81200655e+01
2.81214203e+01
2.81227751e+01
2.81241299e+01
2.81254848e+01
2.81268396e+01
2.81281944e+01
2.81295492e+01
2.81309041e+01
2.81322589e+01
2.81336137e+01
2.81349685e+01
2.81363233e+01
2.81376782e+01
2.81390330e+01
2.81403878e+01
2.81417426e+01
2.81430975e+01
2.81444523e+01
2.81458071e+01
2.81471619e+01
2.81485167e+01
2.81498716e+01
2.81512264e+01
2.81525812e+01
2.81539360e+01
2.81552909e+01
2.81566457e+01
2.81580005e+01
2.81593553e+01
2.81607101e+01
2.81620650e+01
2.81634198e+01
2.81647746e+01
2.81661294e+01
2.81674843e+01
2.81688391e+01
2.81701939e+01
2.81715487e+01
2.81729036e+01
2.81742584e+01
2.81756132e+01
2.81769680e+01
2.81783228e+01
2.81796777e+01
2.81810325e+01
2.81823873e+01
2.81837421e+01
2.81850970e+01
2.81864518e+01
2.81878066e+01
2.81891614e+01
2.81905162e+01
2.81918711e+01
2.81932259e+01
2.81945807e+01
2.81959355e+01
2.81972904e+01
2.81986452e+01
2.82000000e+01
2.82013548e+01
2.82027096e+01
2.82040645e+01
2.82054193e+01
2.82067741e+01
2.82081289e+01
2.82094838e+01
2.82108386e+01
2.82121934e+01
2.82135482e+01
2.82149030e+01
2.82162579e+01
2.82176127e+01
2.82189675e+01
2.82203223e+01
2.82216772e+01
2.82230320e+01
2.82243868e+01
2.82257416e+01
2.82270964e+01
2.82284513e+01
2.82298061e+01
2.82311609e+01
2.82325157e+01
2.82338706e+01
2.82352254e+01
2.82365802e+01
2.82379350e+01
2.82392899e+01
2.82406447e+01
2.82419995e+01
2.82433543e+01
2.82447091e+01
2.82460640e+01
2.82474188e+01
2.82487736e+01
2.82501284e+01
2.82514833e+01
2.82528381e+01
2.82541929e+01
2.82555477e+01
2.82569025e+01
2.82582574e+01
2.82596122e+01
2.82609670e+01
2.82623218e+01
2.82636767e+01
2.82650315e+01
2.82663863e+01
2.82677411e+01
2.82690959e+01
2.82704508e+01
2.82718056e+01
2.82731604e+01
2.82745152e+01
2.82758701e+01
2.82772249e+01
2.82785797e+01
2.82799345e+01
2.82812893e+01
2.82826442e+01
2.82839990e+01
2.82853538e+01
2.82867086e+01
2.82880635e+01
2.82894183e+01
2.82907731e+01
2.82921279e+01
2.82934827e+01
2.82948376e+01
2.82961924e+01
2.82975472e+01
2.82989020e+01
2.83002569e+01
2.83016117e+01
2.83029665e+01
2.83043213e+01
2.83056761e+01
2.83070310e+01
2.83083858e+01
2.83097406e+01
2.83110954e+01
2.83124503e+01
2.83138051e+01
2.83151599e+01
2.83165147e+01
2.83178696e+01
2.83192244e+01
2.83205792e+01
2.83219340e+01
2.83232888e+01
2.83246437e+01
2.83259985e+01
2.83273533e+01
2.83287081e+01
2.83300630e+01
2.83314178e+01
2.83327726e+01
2.83341274e+01
2.83354822e+01
2.83368371e+01
2.83381919e+01
2.83395467e+01
2.83409015e+01
2.83422564e+01
2.83436112e+01
2.83449660e+01
