-43.8991705 28.2757638
-43.8959877 28.2739220
-43.8927618 28.2720977
-43.8895393 28.2703235
-43.8863738 28.2685283
-43.8831817 28.2667392
-43.8799848 28.2649440
-43.8767503 28.2631905
-43.8735475 28.2614157
-43.8703322 28.2596515
-43.8671285 28.2578288
-43.8638922 28.2560255
-43.8606760 28.2542170
-43.8574945 28.2523720
-43.8543580 28.2505728
-43.8512342 28.2488020
-43.8480758 28.2469863
-43.8449185 28.2451775
-43.8417562 28.2433543
-43.8386180 28.2415293
-43.8354195 28.2397543
-43.8322698 28.2379468
-43.8290733 28.2361940
-43.8259237 28.2344478
-43.8227745 28.2326518
-43.8197055 28.2309493
-43.8166073 28.2292485
-43.8134672 28.2274645
-43.8103292 28.2256938
-43.8071742 28.2238932
-43.8039823 28.2221080
-43.8008430 28.2203122
-43.7977018 28.2185045
-43.7945180 28.2167080
-43.7913978 28.2148905
-43.7882883 28.2131277
-43.7851303 28.2113130
-43.7820212 28.2094920
-43.7788193 28.2076940
-43.7756420 28.2058668
-43.7725332 28.2040082
-43.7693647 28.2022008
-43.7662295 28.2004048
-43.7631102 28.1985888
-43.7599683 28.1967727
-43.7568073 28.1949128
-43.7536265 28.1930720
-43.7504510 28.1912608
-43.7472987 28.1894038
-43.7441585 28.1875403
-43.7410530 28.1856110
-43.7378848 28.1837678
-43.7347635 28.1818763
-43.7316017 28.1800170
-43.7284548 28.1781660
-43.7253453 28.1762415
-43.7222045 28.1743555
-43.7190948 28.1724887
-43.7160140 28.1705892
-43.7129615 28.1686868
-43.7098915 28.1667412
-43.7067942 28.1648147
-43.7036640 28.1628828
-43.7005347 28.1609277
-43.6974065 28.1590092
-43.6942278 28.1571702
-43.6909453 28.1554568
-43.6876772 28.1537553
-43.6844420 28.1520620
-43.6811897 28.1503687
-43.6778900 28.1486853
-43.6745937 28.1469963
-43.6712608 28.1453008
-43.6679393 28.1436160
-43.6646643 28.1419020
-43.6613550 28.1402010
-43.6580338 28.1384497
-43.6546637 28.1367533
-43.6513982 28.1350660
-43.6481255 28.1333598
-43.6448375 28.1316880
-43.6415455 28.1299697
-43.6382090 28.1282828
-43.6349370 28.1265680
-43.6316372 28.1249158
-43.6283210 28.1232607
-43.6250297 28.1215880
-43.6217857 28.1199492
-43.6185927 28.1182368
-43.6153790 28.1165922
-43.6121553 28.1149773
-43.6089652 28.1133408
-43.6057635 28.1117005
-43.6024807 28.1100300
