-4.39509750e+01
-4.39494467e+01
-4.39479183e+01
-4.39463900e+01
-4.39448617e+01
-4.39433334e+01
-4.39418050e+01
-4.39402767e+01
-4.39387484e+01
-4.39372201e+01
-4.39356917e+01
-4.39341634e+01
-4.39326351e+01
-4.39311067e+01
-4.39295784e+01
-4.39280501e+01
-4.39265218e+01
-4.39249934e+01
-4.39234651e+01
-4.39219368e+01
-4.39204085e+01
-4.39188801e+01
-4.39173518e+01
-4.39158235e+01
-4.39142952e+01
-4.39127668e+01
-4.39112385e+01
-4.39097102e+01
-4.39081818e+01
-4.39066535e+01
-4.39051252e+01
-4.39035969e+01
-4.39020685e+01
-4.39005402e+01
-4.38990119e+01
-4.38974836e+01
-4.38959552e+01
-4.38944269e+01
-4.38928986e+01
-4.38913702e+01
-4.38898419e+01
-4.38883136e+01
-4.38867853e+01
-4.38852569e+01
-4.38837286e+01
-4.38822003e+01
-4.38806720e+01
-4.38791436e+01
-4.38776153e+01
-4.38760870e+01
-4.38745587e+01
-4.38730303e+01
-4.38715020e+01
-4.38699737e+01
-4.38684453e+01
-4.38669170e+01
-4.38653887e+01
-4.38638604e+01
-4.38623320e+01
-4.38608037e+01
-4.38592754e+01
-4.38577471e+01
-4.38562187e+01
-4.38546904e+01
-4.38531621e+01
-4.38516337e+01
-4.38501054e+01
-4.38485771e+01
-4.38470488e+01
-4.38455204e+01
-4.38439921e+01
-4.38424638e+01
-4.38409355e+01
-4.38394071e+01
-4.38378788e+01
-4.38363505e+01
-4.38348221e+01
-4.38332938e+01
-4.38317655e+01
-4.38302372e+01
-4.38287088e+01
-4.38271805e+01
-4.38256522e+01
-4.38241239e+01
-4.38225955e+01
-4.38210672e+01
-4.38195389e+01
-4.38180106e+01
-4.38164822e+01
-4.38149539e+01
-4.38134256e+01
-4.38118972e+01
-4.38103689e+01
-4.38088406e+01
-4.38073123e+01
-4.38057839e+01
-4.38042556e+01
-4.38027273e+01
-4.38011990e+01
-4.37996706e+01
-4.37981423e+01
-4.37966140e+01
-4.37950856e+01
-4.37935573e+01
-4.37920290e+01
-4.37905007e+01
-4.37889723e+01
-4.37874440e+01
-4.37859157e+01
-4.37843874e+01
-4.37828590e+01
-4.37813307e+01
-4.37798024e+01
-4.37782740e+01
-4.37767457e+01
-4.37752174e+01
-4.37736891e+01
-4.37721607e+01
-4.37706324e+01
-4.37691041e+01
-4.37675758e+01
-4.37660474e+01
-4.37645191e+01
-4.37629908e+01
-4.37614625e+01
-4.37599341e+01
-4.37584058e+01
-4.37568775e+01
-4.37553491e+01
-4.37538208e+01
-4.37522925e+01
-4.37507642e+01
-4.37492358e+01
-4.37477075e+01
-4.37461792e+01
-4.37446509e+01
-4.37431225e+01
-4.37415942e+01
-4.37400659e+01
-4.37385375e+01
-4.37370092e+01
-4.37354809e+01
-4.37339526e+01
-4.37324242e+01
-4.37308959e+01
-4.37293676e+01
-4.37278393e+01
-4.37263109e+01
-4.37247826e+01
-4.37232543e+01
-4.37217260e+01
-4.37201976e+01
-4.37186693e+01
-4.37171410e+01
-4.37156126e+01
-4.37140843e+01
-4.37125560e+01
-4.37110277e+01
-4.37094993e+01
-4.37079710e+01
-4.37064427e+01
-4.37049144e+01
-4.37033860e+01
-4.37018577e+01
-4.37003294e+01
-4.36988010e+01
-4.36972727e+01
-4.36957444e+01
-4.36942161e+01
-4.36926877e+01
-4.36911594e+01
-4.36896311e+01
-4.36881028e+01
-4.36865744e+01
-4.36850461e+01
-4.36835178e+01
-4.36819894e+01
-4.36804611e+01
-4.36789328e+01
-4.36774045e+01
-4.36758761e+01
-4.36743478e+01
-4.36728195e+01
-4.36712912e+01
-4.36697628e+01
-4.36682345e+01
-4.36667062e+01
-4.36651779e+01
-4.36636495e+01
-4.36621212e+01
-4.36605929e+01
-4.36590645e+01
-4.36575362e+01
-4.36560079e+01
-4.36544796e+01
-4.36529512e+01
-4.36514229e+01
-4.36498946e+01
-4.36483663e+01
-4.36468379e+01
-4.36453096e+01
-4.36437813e+01
-4.36422529e+01
-4.36407246e+01
-4.36391963e+01
-4.36376680e+01
-4.36361396e+01
-4.36346113e+01
-4.36330830e+01
-4.36315547e+01
-4.36300263e+01
-4.36284980e+01
-4.36269697e+01
-4.36254413e+01
-4.36239130e+01
-4.36223847e+01
-4.36208564e+01
-4.36193280e+01
-4.36177997e+01
-4.36162714e+01
-4.36147431e+01
-4.36132147e+01
-4.36116864e+01
-4.36101581e+01
-4.36086298e+01
-4.36071014e+01
-4.36055731e+01
-4.36040448e+01
-4.36025164e+01
-4.36009881e+01
-4.35994598e+01
-4.35979315e+01
-4.35964031e+01
-4.35948748e+01
-4.35933465e+01
-4.35918182e+01
-4.35902898e+01
-4.35887615e+01
-4.35872332e+01
-4.35857048e+01
-4.35841765e+01
-4.35826482e+01
-4.35811199e+01
-4.35795915e+01
-4.35780632e+01
-4.35765349e+01
-4.35750066e+01
-4.35734782e+01
-4.35719499e+01
-4.35704216e+01
-4.35688933e+01
-4.35673649e+01
-4.35658366e+01
-4.35643083e+01
-4.35627799e+01
-4.35612516e+01
-4.35597233e+01
-4.35581950e+01
-4.35566666e+01
-4.35551383e+01
-4.35536100e+01
-4.35520817e+01
-4.35505533e+01
-4.35490250e+01
