no.      longtitude  latitude   distance  l-width  r-width  l-height  r-height  l-minmax-slope  r-minmax-slope  l-max-slope  r-max-slope  l-area  r-area
  1_1     -43.65987  28.13942     0.000       0         0        0         0         0.0             0.0            0.0           0.0      0.0000     0.0000
  1_2     -43.65987  28.13942     0.000       0         0        0         0         0.0             0.0            0.0           0.0      0.0000     0.0000
  1_3     -43.65987  28.13942     0.000       0         0        0         0         0.0             0.0            0.0           0.0      0.0000     0.0000
  1_4     -43.65987  28.13942     0.000       0         0        0         0         0.0             0.0            0.0           0.0      0.0000     0.0000
  1_5     -43.65987  28.13942     0.000       0         0        0         0         0.0             0.0            0.0           0.0      0.0000     0.0000
  1_6     -43.65987  28.13942     0.000       0         0        0         0         0.0             0.0            0.0           0.0      0.0000     0.0000
  1_7     -43.65987  28.13942     0.000       0         0        0         0         0.0             0.0            0.0           0.0      0.0000     0.0000
  1_8     -43.65987  28.13942     0.000       0         0        0         0         0.0             0.0            0.0           0.0      0.0000     0.0000
  1_9     -43.65987  28.13942     0.000       0         0        0         0         0.0             0.0            0.0           0.0      0.0000     0.0000
  1_10    -43.65987  28.13942     0.000       0         0        0         0         0.0             0.0            0.0           0.0      0.0000     0.0000
  1_11    -43.65987  28.13942     0.000       0         0        0         0         0.0             0.0            0.0           0.0      0.0000     0.0000
  1_12    -43.65987  28.13942     0.000       0         0        0         0         0.0             0.0            0.0           0.0      0.0000     0.0000
  1_13    -43.65987  28.13942     0.000       0         0        0         0         0.0             0.0            0.0           0.0      0.0000     0.0000
  1_14    -43.65987  28.13942     0.000       0         0        0         0         0.0             0.0            0.0           0.0      0.0000     0.0000
  1_15    -43.65987  28.13942     0.000       0         0        0         0         0.0             0.0            0.0           0.0      0.0000     0.0000
  1_16    -43.65987  28.13942     0.000       0         0        0         0         0.0             0.0            0.0           0.0      0.0000     0.0000
  1_17    -43.65987  28.13942     0.000       0         0        0         0         0.0             0.0            0.0           0.0      0.0000     0.0000
  1_18    -43.65987  28.13942     0.000       0         0        0         0         0.0             0.0            0.0           0.0      0.0000     0.0000
  1_19    -43.65987  28.13942     0.000       0         0        0         0         0.0             0.0            0.0           0.0      0.0000     0.0000
  1_20    -43.65987  28.13942     0.000       0         0        0         0         0.0             0.0            0.0           0.0      0.0000     0.0000
  1_21    -43.65987  28.13942     0.000       0         0        0         0         0.0             0.0            0.0           0.0      0.0000     0.0000
  1_22    -43.65987  28.13942     0.000       0         0        0         0         0.0             0.0            0.0           0.0      0.0000     0.0000
  1_23    -43.65987  28.13942     0.000       0         0        0         0         0.0             0.0            0.0           0.0      0.0000     0.0000
  1_24    -43.65987  28.13942     0.000       0         0        0         0         0.0             0.0            0.0           0.0      0.0000     0.0000
  1_25    -43.65987  28.13942     0.000       0         0        0         0         0.0             0.0            0.0           0.0      0.0000     0.0000
  1_26    -43.65987  28.13942     0.000       0         0        0         0         0.0             0.0            0.0           0.0      0.0000     0.0000
  1_27    -43.65987  28.13942     0.000       0         0        0         0         0.0             0.0            0.0           0.0      0.0000     0.0000
  1_28    -43.65987  28.13942     0.000       0         0        0         0         0.0             0.0            0.0           0.0      0.0000     0.0000
  1_29    -43.65987  28.13942     0.000       0         0        0         0         0.0             0.0            0.0           0.0      0.0000     0.0000
  1_30    -43.65987  28.13942     0.000       0         0        0         0         0.0             0.0            0.0           0.0      0.0000     0.0000
  1_31    -43.65987  28.13942     0.000       0         0        0         0         0.0             0.0            0.0           0.0      0.0000     0.0000
  1_32    -43.65987  28.13942     0.000       0         0        0         0         0.0             0.0            0.0           0.0      0.0000     0.0000
  1_33    -43.65987  28.13942     0.000       0         0        0         0         0.0             0.0            0.0           0.0      0.0000     0.0000
  1_34    -43.65987  28.13942     0.000       0         0        0         0         0.0             0.0            0.0           0.0      0.0000     0.0000
  1_35    -43.65987  28.13942     0.000       0         0        0         0         0.0             0.0            0.0           0.0      0.0000     0.0000
  1_36    -43.65987  28.13942     0.000       0         0        0         0         0.0             0.0            0.0           0.0      0.0000     0.0000
  1_37    -43.65987  28.13942     0.000       0         0        0         0         0.0             0.0            0.0           0.0      0.0000     0.0000
  1_38    -43.65987  28.13942     0.000       0         0        0         0         0.0             0.0            0.0           0.0      0.0000     0.0000
  1_39    -43.65987  28.13942     0.000       0         0        0         0         0.0             0.0            0.0           0.0      0.0000     0.0000
  1_40    -43.65987  28.13942     0.000       0         0        0         0         0.0             0.0            0.0           0.0      0.0000     0.0000
  1_41    -43.65987  28.13942     0.000       0         0        0         0         0.0             0.0            0.0           0.0      0.0000     0.0000
  1_42    -43.65987  28.13942     0.000       0         0        0         0         0.0             0.0            0.0           0.0      0.0000     0.0000
  1_43    -43.65987  28.13942     0.000       0         0        0         0         0.0             0.0            0.0           0.0      0.0000     0.0000
  1_44    -43.65987  28.13942     0.000       0         0        0         0         0.0             0.0            0.0           0.0      0.0000     0.0000
  1_45    -43.65987  28.13942     0.000       0         0        0         0         0.0             0.0            0.0           0.0      0.0000     0.0000
  1_46    -43.65987  28.13942     0.000       0         0        0         0         0.0             0.0            0.0           0.0      0.0000     0.0000
  1_47    -43.65987  28.13942     0.000       0         0        0         0         0.0             0.0            0.0           0.0      0.0000     0.0000
  1_48    -43.65987  28.13942     0.000       0         0        0         0         0.0             0.0            0.0           0.0      0.0000     0.0000
  1_49    -43.65987  28.13942     0.000       0         0        0         0         0.0             0.0            0.0           0.0      0.0000     0.0000
  1_50    -43.65987  28.13942     0.000       0         0        0         0         0.0             0.0            0.0           0.0      0.0000     0.0000
  1_51    -43.65987  28.13942     0.000       0         0        0         0         0.0             0.0            0.0           0.0      0.0000     0.0000
  1_52    -43.65987  28.13942     0.000       0         0        0         0         0.0             0.0            0.0           0.0      0.0000     0.0000
  1_53    -43.65987  28.13942     0.000    1200       750      633        95        27.8             7.2           44.5           9.0      0.3396     0.0326
  1_54    -43.65987  28.13942     0.000    2550       900      881        97        19.1             6.1           41.1          12.8      0.7772     0.0366
  1_55    -43.65987  28.13942     0.000    2550       900      887       107        19.2             6.8           49.0           9.9      0.7236     0.0545
  1_56    -43.65987  28.13942     0.000       0         0        0         0         0.0             0.0            0.0           0.0      0.0000     0.0000
  1_57    -43.65987  28.13942     0.000       0         0        0         0         0.0             0.0            0.0           0.0      0.0000     0.0000
  1_58    -43.65987  28.13942     0.000       0         0        0         0         0.0             0.0            0.0           0.0      0.0000     0.0000
  1_59    -43.65987  28.13942     0.000       0         0        0         0         0.0             0.0            0.0           0.0      0.0000     0.0000
  1_60    -43.65987  28.13942     0.000       0         0        0         0         0.0             0.0            0.0           0.0      0.0000     0.0000
  1_61    -43.65987  28.13942     0.000       0         0        0         0         0.0             0.0            0.0           0.0      0.0000     0.0000
  1_62    -43.65987  28.13942     0.000       0         0        0         0         0.0             0.0            0.0           0.0      0.0000     0.0000
  1_63    -43.65987  28.13942     0.000       0         0        0         0         0.0             0.0            0.0           0.0      0.0000     0.0000
  1_64    -43.65987  28.13942     0.000       0         0        0         0         0.0             0.0            0.0           0.0      0.0000     0.0000
  1_65    -43.65987  28.13942     0.000       0         0        0         0         0.0             0.0            0.0           0.0      0.0000     0.0000
  1_66    -43.65987  28.13942     0.000       0         0        0         0         0.0             0.0            0.0           0.0      0.0000     0.0000
avg_  1   -43.65987  28.13942     0.000       0         0        0         0         0.0             0.0            0.0           0.0      0.0000     0.0000
std_  1   -43.65987  28.13942     0.000       0         0        0         0         0.0             0.0            0.0           0.0      0.0000     0.0000
  2_1     -43.70472  28.16353     5.150       0         0        0         0         0.0             0.0            0.0           0.0      0.0000     0.0000
  2_2     -43.70472  28.16353     5.150       0         0        0         0         0.0             0.0            0.0           0.0      0.0000     0.0000
  2_3     -43.70472  28.16353     5.150       0         0        0         0         0.0             0.0            0.0           0.0      0.0000     0.0000
  2_4     -43.70472  28.16353     5.150       0         0        0         0         0.0             0.0            0.0           0.0      0.0000     0.0000
  2_5     -43.70472  28.16353     5.150       0         0        0         0         0.0             0.0            0.0           0.0      0.0000     0.0000
  2_6     -43.70472  28.16353     5.150       0         0        0         0         0.0             0.0            0.0           0.0      0.0000     0.0000
  2_7     -43.70472  28.16353     5.150     600      1950      198       337        18.3             9.8           34.7          18.0      0.0502     0.2442
  2_8     -43.70472  28.16353     5.150     600      1800      232       374        21.2            11.7           35.7          35.6      0.0534     0.2495
  2_9     -43.70472  28.16353     5.150     600      1950      241       376        21.9            10.9           31.0          32.2      0.0614     0.2846
  2_10    -43.70472  28.16353     5.150     600      1950      256       391        23.1            11.3           36.1          25.2      0.0646     0.3238
  2_11    -43.70472  28.16353     5.150     600      1950      270       424        24.2            12.3           29.1          17.8      0.0743     0.3550
  2_12    -43.70472  28.16353     5.150     600      1800      282       453        25.2            14.1           34.7          23.0      0.0712     0.3799
  2_13    -43.70472  28.16353     5.150     600      1800      318       506        27.9            15.7           34.4          35.5      0.0794     0.4173
  2_14    -43.70472  28.16353     5.150     750      1650      350       555        25.0            18.6           33.7          46.1      0.1432     0.3961
  2_15    -43.70472  28.16353     5.150     900      1650      387       605        23.3            20.1           38.9          39.0      0.1547     0.4470
  2_16    -43.70472  28.16353     5.150     900      1800      428       650        25.4            19.9           47.3          39.5      0.1666     0.4845
  2_17    -43.70472  28.16353     5.150     750      1800      455       672        31.2            20.5           42.3          34.2      0.1395     0.6103
  2_18    -43.70472  28.16353     5.150     750      1950      471       694        32.1            19.6           48.6          38.3      0.1415     0.6196
  2_19    -43.70472  28.16353     5.150     900      1800      494       698        28.8            21.2           39.3          37.5      0.1731     0.6164
  2_20    -43.70472  28.16353     5.150    1050      1650      512       692        26.0            22.8           42.5          36.4      0.2650     0.5141
  2_21    -43.70472  28.16353     5.150    1050      1650      512       677        26.0            22.3           34.0          35.4      0.2744     0.5332
  2_22    -43.70472  28.16353     5.150    1050      1800      460       644        23.7            19.7           34.2          34.3      0.2470     0.5320
  2_23    -43.70472  28.16353     5.150       0         0        0         0         0.0             0.0            0.0           0.0      0.0000     0.0000
  2_24    -43.70472  28.16353     5.150       0         0        0         0         0.0             0.0            0.0           0.0      0.0000     0.0000
  2_25    -43.70472  28.16353     5.150       0         0        0         0         0.0             0.0            0.0           0.0      0.0000     0.0000
  2_26    -43.70472  28.16353     5.150     900      1800      463       619        27.2            19.0           44.5          30.6      0.1619     0.5428
  2_27    -43.70472  28.16353     5.150     900      1800      426       553        25.3            17.1           43.6          28.1      0.1460     0.4600
  2_28    -43.70472  28.16353     5.150     900      1800      413       504        24.6            15.6           40.6          29.0      0.1295     0.3810
  2_29    -43.70472  28.16353     5.150     750      1650      406       454        28.4            15.4           45.3          24.6      0.1246     0.3209
  2_30    -43.70472  28.16353     5.150     750      1800      417       431        29.0            13.5           50.4          24.7      0.1341     0.3202
  2_31    -43.70472  28.16353     5.150     750      1800      450       441        31.0            13.8           43.1          24.1      0.1556     0.3501
  2_32    -43.70472  28.16353     5.150     750      1800      480       472        32.6            14.7           43.6          24.4      0.1643     0.3800
  2_33    -43.70472  28.16353     5.150     750      1950      476       476        32.4            13.7           38.7          26.0      0.1556     0.3929
  2_34    -43.70472  28.16353     5.150       0         0        0         0         0.0             0.0            0.0           0.0      0.0000     0.0000
  2_35    -43.70472  28.16353     5.150       0         0        0         0         0.0             0.0            0.0           0.0      0.0000     0.0000
  2_36    -43.70472  28.16353     5.150       0         0        0         0         0.0             0.0            0.0           0.0      0.0000     0.0000
  2_37    -43.70472  28.16353     5.150       0         0        0         0         0.0             0.0            0.0           0.0      0.0000     0.0000
  2_38    -43.70472  28.16353     5.150       0         0        0         0         0.0             0.0            0.0           0.0      0.0000     0.0000
  2_39    -43.70472  28.16353     5.150       0         0        0         0         0.0             0.0            0.0           0.0      0.0000     0.0000
  2_40    -43.70472  28.16353     5.150       0         0        0         0         0.0             0.0            0.0           0.0      0.0000     0.0000
  2_41    -43.70472  28.16353     5.150       0         0        0         0         0.0             0.0            0.0           0.0      0.0000     0.0000
  2_42    -43.70472  28.16353     5.150       0         0        0         0         0.0             0.0            0.0           0.0      0.0000     0.0000
  2_43    -43.70472  28.16353     5.150       0         0        0         0         0.0             0.0            0.0           0.0      0.0000     0.0000
  2_44    -43.70472  28.16353     5.150       0         0        0         0         0.0             0.0            0.0           0.0      0.0000     0.0000
  2_45    -43.70472  28.16353     5.150       0         0        0         0         0.0             0.0            0.0           0.0      0.0000     0.0000
  2_46    -43.70472  28.16353     5.150       0         0        0         0         0.0             0.0            0.0           0.0      0.0000     0.0000
  2_47    -43.70472  28.16353     5.150       0         0        0         0         0.0             0.0            0.0           0.0      0.0000     0.0000
  2_48    -43.70472  28.16353     5.150       0         0        0         0         0.0             0.0            0.0           0.0      0.0000     0.0000
  2_49    -43.70472  28.16353     5.150    1050       450      582       160        29.0            19.6           47.1          32.7      0.2798     0.0375
  2_50    -43.70472  28.16353     5.150       0         0        0         0         0.0             0.0            0.0           0.0      0.0000     0.0000
  2_51    -43.70472  28.16353     5.150       0         0        0         0         0.0             0.0            0.0           0.0      0.0000     0.0000
  2_52    -43.70472  28.16353     5.150       0         0        0         0         0.0             0.0            0.0           0.0      0.0000     0.0000
  2_53    -43.70472  28.16353     5.150       0         0        0         0         0.0             0.0            0.0           0.0      0.0000     0.0000
  2_54    -43.70472  28.16353     5.150       0         0        0         0         0.0             0.0            0.0           0.0      0.0000     0.0000
  2_55    -43.70472  28.16353     5.150       0         0        0         0         0.0             0.0            0.0           0.0      0.0000     0.0000
  2_56    -43.70472  28.16353     5.150       0         0        0         0         0.0             0.0            0.0           0.0      0.0000     0.0000
  2_57    -43.70472  28.16353     5.150       0         0        0         0         0.0             0.0            0.0           0.0      0.0000     0.0000
  2_58    -43.70472  28.16353     5.150       0         0        0         0         0.0             0.0            0.0           0.0      0.0000     0.0000
  2_59    -43.70472  28.16353     5.150       0         0        0         0         0.0             0.0            0.0           0.0      0.0000     0.0000
  2_60    -43.70472  28.16353     5.150       0         0        0         0         0.0             0.0            0.0           0.0      0.0000     0.0000
  2_61    -43.70472  28.16353     5.150       0         0        0         0         0.0             0.0            0.0           0.0      0.0000     0.0000
  2_62    -43.70472  28.16353     5.150       0         0        0         0         0.0             0.0            0.0           0.0      0.0000     0.0000
  2_63    -43.70472  28.16353     5.150       0         0        0         0         0.0             0.0            0.0           0.0      0.0000     0.0000
  2_64    -43.70472  28.16353     5.150       0         0        0         0         0.0             0.0            0.0           0.0      0.0000     0.0000
  2_65    -43.70472  28.16353     5.150       0         0        0         0         0.0             0.0            0.0           0.0      0.0000     0.0000
  2_66    -43.70472  28.16353     5.150       0         0        0         0         0.0             0.0            0.0           0.0      0.0000     0.0000
avg_  2   -43.70472  28.16353     5.150     792      1752      399       514        26.5            16.5           39.7          30.9      0.1444     0.4077
std_  2   -43.70472  28.16353     5.150     156       284      101       134         3.7             3.8            5.7           7.0      0.0658     0.1320
  3_1     -43.74342  28.18708     9.759       0         0        0         0         0.0             0.0            0.0           0.0      0.0000     0.0000
  3_2     -43.74342  28.18708     9.759       0         0        0         0         0.0             0.0            0.0           0.0      0.0000     0.0000
  3_3     -43.74342  28.18708     9.759       0         0        0         0         0.0             0.0            0.0           0.0      0.0000     0.0000
  3_4     -43.74342  28.18708     9.759       0         0        0         0         0.0             0.0            0.0           0.0      0.0000     0.0000
  3_5     -43.74342  28.18708     9.759       0         0        0         0         0.0             0.0            0.0           0.0      0.0000     0.0000
  3_6     -43.74342  28.18708     9.759       0         0        0         0         0.0             0.0            0.0           0.0      0.0000     0.0000
  3_7     -43.74342  28.18708     9.759       0         0        0         0         0.0             0.0            0.0           0.0      0.0000     0.0000
  3_8     -43.74342  28.18708     9.759       0         0        0         0         0.0             0.0            0.0           0.0      0.0000     0.0000
  3_9     -43.74342  28.18708     9.759    1350      1200      333       296        13.8            13.9           22.0          26.4      0.1383     0.1980
  3_10    -43.74342  28.18708     9.759    1200      1200      408       362        18.8            16.8           27.2          21.6      0.2071     0.2388
  3_11    -43.74342  28.18708     9.759    1050      1200      424       342        22.0            15.9           26.0          23.5      0.2121     0.2266
  3_12    -43.74342  28.18708     9.759    1050      1200      417       303        21.7            14.2           28.8          24.1      0.2156     0.2140
  3_13    -43.74342  28.18708     9.759    1050      1200      404       260        21.1            12.2           30.3          21.4      0.2206     0.1938
  3_14    -43.74342  28.18708     9.759    1200      2400      425       353        19.5             8.4           31.6          30.2      0.2437     0.4848
  3_15    -43.74342  28.18708     9.759    1650      1950      468       377        15.8            10.9           30.3          30.8      0.4504     0.3688
  3_16    -43.74342  28.18708     9.759    1650      1950      492       393        16.6            11.4           34.6          33.0      0.4097     0.3533
  3_17    -43.74342  28.18708     9.759    1650      1950      470       355        15.9            10.3           37.0          28.9      0.3720     0.3260
  3_18    -43.74342  28.18708     9.759    1050       600      334       157        17.7            14.6           39.2          27.7      0.1918     0.0448
  3_19    -43.74342  28.18708     9.759    1200       450      310       129        14.5            16.0           44.3          22.7      0.2293     0.0208
  3_20    -43.74342  28.18708     9.759    1800       450      455       133        14.2            16.5           35.7          24.4      0.4662     0.0286
  3_21    -43.74342  28.18708     9.759    1800       450      471       136        14.6            16.8           34.8          26.6      0.4746     0.0302
  3_22    -43.74342  28.18708     9.759    1800      1050      446       164        13.9             8.9           33.6          22.4      0.4632     0.0739
  3_23    -43.74342  28.18708     9.759    1200      1500      449       151        20.5             5.7           36.8          14.9      0.1970     0.1051
  3_24    -43.74342  28.18708     9.759    1200      2400      461       242        21.0             5.8           35.2          19.6      0.2031     0.2618
  3_25    -43.74342  28.18708     9.759    1350      1650      480       182        19.6             6.3           40.7          15.9      0.2295     0.1420
  3_26    -43.74342  28.18708     9.759     750      1650      387       165        27.3             5.7           37.1          18.4      0.1361     0.1454
  3_27    -43.74342  28.18708     9.759     750      1800      391       137        27.5             4.3           42.6          17.2      0.1448     0.1204
  3_28    -43.74342  28.18708     9.759    1350      1800      489       135        19.9             4.3           35.8          12.0      0.2598     0.1318
  3_29    -43.74342  28.18708     9.759    1350      1800      491       141        20.0             4.5           38.0          15.8      0.2733     0.1726
  3_30    -43.74342  28.18708     9.759    1800      1050      524       120        16.2             6.5           34.3          13.4      0.4330     0.0725
  3_31    -43.74342  28.18708     9.759    1650      1050      532       139        17.9             7.5           34.5          16.3      0.4333     0.0899
  3_32    -43.74342  28.18708     9.759    1650      1050      531       152        17.9             8.2           29.9          20.0      0.4474     0.1134
  3_33    -43.74342  28.18708     9.759    1800      2250      532       258        16.5             6.5           27.1          22.1      0.5362     0.2674
  3_34    -43.74342  28.18708     9.759    1800      1950      518       245        16.1             7.2           33.0          19.3      0.5346     0.2645
  3_35    -43.74342  28.18708     9.759    2550      1650      553       251        12.2             8.7           31.8          19.2      0.7800     0.2040
  3_36    -43.74342  28.18708     9.759    2700      1500      568       265        11.9            10.0           31.9          20.1      0.8755     0.1747
  3_37    -43.74342  28.18708     9.759    2400      1650      573       291        13.4            10.0           31.4          24.2      0.7973     0.2483
  3_38    -43.74342  28.18708     9.759    2400      1650      542       298        12.7            10.2           35.8          25.8      0.7361     0.2668
  3_39    -43.74342  28.18708     9.759    2400       450      520        95        12.2            11.9           34.1          14.9      0.6913     0.0251
  3_40    -43.74342  28.18708     9.759    2400      1950      509       325        12.0             9.5           36.3          17.6      0.6630     0.2936
  3_41    -43.74342  28.18708     9.759    2400      1950      519       349        12.2            10.1           40.1          17.6      0.6969     0.3321
  3_42    -43.74342  28.18708     9.759    2250      2100      535       372        13.4            10.0           39.8          17.4      0.6541     0.4137
  3_43    -43.74342  28.18708     9.759    1950      1050      521       211        15.0            11.4           42.9          17.0      0.6282     0.1304
  3_44    -43.74342  28.18708     9.759    1950      1050      502       192        14.4            10.4           39.6          14.6      0.6254     0.1154
  3_45    -43.74342  28.18708     9.759    1950      1050      522       200        15.0            10.8           36.7          15.5      0.6423     0.1072
  3_46    -43.74342  28.18708     9.759    1950      1050      524       197        15.0            10.6           36.9          18.2      0.6392     0.0872
  3_47    -43.74342  28.18708     9.759    1950       750      500       198        14.4            14.8           37.1          23.3      0.5995     0.0768
  3_48    -43.74342  28.18708     9.759    1950       750      491       194        14.1            14.5           31.9          26.8      0.5941     0.0662
  3_49    -43.74342  28.18708     9.759    1800      1050      481       178        15.0             9.6           32.5          18.9      0.5344     0.0753
  3_50    -43.74342  28.18708     9.759    1650      1200      452       188        15.3             8.9           27.3          18.9      0.4261     0.1090
  3_51    -43.74342  28.18708     9.759    1350      1500      419       200        17.2             7.6           31.7          22.9      0.2468     0.1693
  3_52    -43.74342  28.18708     9.759       0         0        0         0         0.0             0.0            0.0           0.0      0.0000     0.0000
  3_53    -43.74342  28.18708     9.759    1200      2400      417       333        19.2             7.9           29.5          15.7      0.2548     0.4240
  3_54    -43.74342  28.18708     9.759    1650      2250      414       338        14.1             8.6           35.5          17.5      0.3262     0.4187
  3_55    -43.74342  28.18708     9.759    1800      1350      438       184        13.7             7.8           25.8          13.9      0.3611     0.1355
  3_56    -43.74342  28.18708     9.759    1500      1650      447       184        16.6             6.4           29.3          16.9      0.2154     0.1971
  3_57    -43.74342  28.18708     9.759    1500      1500      465       188        17.2             7.1           33.5          15.8      0.2627     0.1468
  3_58    -43.74342  28.18708     9.759    1500      1500      473       154        17.5             5.9           38.6          16.2      0.2763     0.1040
  3_59    -43.74342  28.18708     9.759    1500      1200      487       140        18.0             6.7           41.0          14.4      0.3050     0.0863
  3_60    -43.74342  28.18708     9.759     900      1350      390       114        23.4             4.8           38.4          14.2      0.1926     0.0726
  3_61    -43.74342  28.18708     9.759       0         0        0         0         0.0             0.0            0.0           0.0      0.0000     0.0000
  3_62    -43.74342  28.18708     9.759       0         0        0         0         0.0             0.0            0.0           0.0      0.0000     0.0000
  3_63    -43.74342  28.18708     9.759       0         0        0         0         0.0             0.0            0.0           0.0      0.0000     0.0000
  3_64    -43.74342  28.18708     9.759       0         0        0         0         0.0             0.0            0.0           0.0      0.0000     0.0000
  3_65    -43.74342  28.18708     9.759       0         0        0         0         0.0             0.0            0.0           0.0      0.0000     0.0000
  3_66    -43.74342  28.18708     9.759       0         0        0         0         0.0             0.0            0.0           0.0      0.0000     0.0000
avg_  3   -43.74342  28.18708     9.759    1641      1426      469       225        16.8             9.7           34.3          20.1      0.4146     0.1798
std_  3   -43.74342  28.18708     9.759     468       526       60        84         3.6             3.5            4.8           5.0      0.2013     0.1156
  4_1     -43.78732  28.21257    14.911       0         0        0         0         0.0             0.0            0.0           0.0      0.0000     0.0000
  4_2     -43.78732  28.21257    14.911       0         0        0         0         0.0             0.0            0.0           0.0      0.0000     0.0000
  4_3     -43.78732  28.21257    14.911       0         0        0         0         0.0             0.0            0.0           0.0      0.0000     0.0000
  4_4     -43.78732  28.21257    14.911       0         0        0         0         0.0             0.0            0.0           0.0      0.0000     0.0000
  4_5     -43.78732  28.21257    14.911       0         0        0         0         0.0             0.0            0.0           0.0      0.0000     0.0000
  4_6     -43.78732  28.21257    14.911       0         0        0         0         0.0             0.0            0.0           0.0      0.0000     0.0000
  4_7     -43.78732  28.21257    14.911       0         0        0         0         0.0             0.0            0.0           0.0      0.0000     0.0000
  4_8     -43.78732  28.21257    14.911    3450       900      683       258        11.2            16.0           48.7          19.1      0.2081     0.1037
  4_9     -43.78732  28.21257    14.911    2700      1650      781       348        16.1            11.9           57.2          22.7      0.3868     0.3298
  4_10    -43.78732  28.21257    14.911       0         0        0         0         0.0             0.0            0.0           0.0      0.0000     0.0000
  4_11    -43.78732  28.21257    14.911       0         0        0         0         0.0             0.0            0.0           0.0      0.0000     0.0000
  4_12    -43.78732  28.21257    14.911       0         0        0         0         0.0             0.0            0.0           0.0      0.0000     0.0000
  4_13    -43.78732  28.21257    14.911    2250      2550     1076       616        25.6            13.6           39.8          26.0      1.1639     0.6642
  4_14    -43.78732  28.21257    14.911    2100      2700     1052       620        26.6            12.9           44.4          24.4      0.9583     0.7395
  4_15    -43.78732  28.21257    14.911       0         0        0         0         0.0             0.0            0.0           0.0      0.0000     0.0000
  4_16    -43.78732  28.21257    14.911    3000      3150     1220       698        22.1            12.5           44.3          25.8      1.4475     0.9287
  4_17    -43.78732  28.21257    14.911    3000      3150     1200       706        21.8            12.6           36.4          25.4      1.4574     0.9990
  4_18    -43.78732  28.21257    14.911    2100      3150      988       713        25.2            12.8           40.5          24.2      0.9769     1.0592
  4_19    -43.78732  28.21257    14.911    2850      3300     1174       734        22.4            12.5           36.4          28.7      1.2562     1.1854
  4_20    -43.78732  28.21257    14.911    2850      3450     1164       732        22.2            12.0           44.9          22.4      1.2190     1.2036
  4_21    -43.78732  28.21257    14.911    2850      3300     1130       701        21.6            12.0           41.5          20.4      1.1545     1.2028
  4_22    -43.78732  28.21257    14.911    1950      3150     1040       685        28.1            12.3           41.0          26.3      1.0336     1.0480
  4_23    -43.78732  28.21257    14.911    1950      3300     1072       714        28.8            12.2           42.3          26.9      0.9979     1.0564
  4_24    -43.78732  28.21257    14.911    2250      3300     1107       744        26.2            12.7           42.6          30.1      1.0072     1.0781
  4_25    -43.78732  28.21257    14.911    2100      3300     1127       753        28.2            12.9           44.2          26.2      1.0036     1.0613
  4_26    -43.78732  28.21257    14.911    2100      3300     1140       762        28.5            13.0           44.4          29.9      1.0178     1.0708
  4_27    -43.78732  28.21257    14.911    2100      3150     1138       765        28.5            13.7           44.8          33.2      0.9913     1.0413
  4_28    -43.78732  28.21257    14.911    2100      3150     1096       744        27.6            13.3           40.1          34.4      0.9513     1.0275
  4_29    -43.78732  28.21257    14.911    2100      3150     1033       729        26.2            13.0           37.9          32.8      0.8477     1.0628
  4_30    -43.78732  28.21257    14.911    2100      3150     1039       771        26.3            13.8           43.1          33.7      0.7618     1.0817
  4_31    -43.78732  28.21257    14.911    1650      3300      976       758        30.6            12.9           44.7          29.0      0.6695     1.0959
  4_32    -43.78732  28.21257    14.911    1500      3300      984       743        33.3            12.7           40.6          25.5      0.6821     1.0348
  4_33    -43.78732  28.21257    14.911    1500      2700      971       667        32.9            13.9           46.6          21.6      0.7073     0.8711
  4_34    -43.78732  28.21257    14.911    1500      2700      961       641        32.6            13.4           47.1          25.8      0.7030     0.8361
  4_35    -43.78732  28.21257    14.911    1650      3150      929       641        29.4            11.5           45.8          27.7      0.6647     0.9309
  4_36    -43.78732  28.21257    14.911    1350      3150      833       601        31.7            10.8           41.7          31.8      0.5661     0.9636
  4_37    -43.78732  28.21257    14.911    1350      3150      758       538        29.3             9.7           47.5          29.2      0.4869     0.8949
  4_38    -43.78732  28.21257    14.911    1200      3300      714       511        30.7             8.8           44.4          26.4      0.4236     0.9073
  4_39    -43.78732  28.21257    14.911    1650      2850      708       520        23.2            10.3           43.9          22.3      0.6980     0.7791
  4_40    -43.78732  28.21257    14.911    1650      2850      696       519        22.9            10.3           52.0          22.8      0.6451     0.8367
  4_41    -43.78732  28.21257    14.911    2700      2850      895       497        18.3             9.9           40.7          24.6      1.0663     0.8118
  4_42    -43.78732  28.21257    14.911    2550      2850      880       477        19.0             9.5           51.2          25.9      1.0164     0.7886
  4_43    -43.78732  28.21257    14.911    2550      2850      844       462        18.3             9.2           51.3          31.5      0.9132     0.7397
  4_44    -43.78732  28.21257    14.911    2100      2850      731       399        19.2             8.0           48.0          23.9      0.7208     0.6191
  4_45    -43.78732  28.21257    14.911    3150      2700      802       335        14.3             7.1           42.4          26.1      1.0622     0.4046
  4_46    -43.78732  28.21257    14.911    2400      1050      699       202        16.2            10.9           39.4          32.7      0.8422     0.0913
  4_47    -43.78732  28.21257    14.911    2400      1950      681       253        15.8             7.4           37.9          10.8      0.8681     0.1194
  4_48    -43.78732  28.21257    14.911    3450      1500      741       287        12.1            10.8           37.7          13.0      1.2000     0.0663
  4_49    -43.78732  28.21257    14.911    2700      1650      690       284        14.3             9.8           26.0          16.3      1.0448     0.0366
  4_50    -43.78732  28.21257    14.911    2850      2250      642       303        12.7             7.7           26.2           9.2      0.9903     0.0454
  4_51    -43.78732  28.21257    14.911    3300      2250      700       288        12.0             7.3           26.5          16.9      1.2291     0.0804
  4_52    -43.78732  28.21257    14.911    3300      2400      665       276        11.4             6.6           29.3          20.7      1.2045     0.1047
  4_53    -43.78732  28.21257    14.911    2550      3150      636       279        14.0             5.1           25.7          22.5      0.7049     0.3291
  4_54    -43.78732  28.21257    14.911    2700      3150      616       249        12.9             4.5           24.1          22.3      0.6821     0.3009
  4_55    -43.78732  28.21257    14.911    3300      1200      416       234         7.2            11.0           23.5          16.7      0.4940     0.1359
  4_56    -43.78732  28.21257    14.911    3150      1650      436       213         7.9             7.3           24.8          20.5      0.6116     0.1236
  4_57    -43.78732  28.21257    14.911    3150      1800      454       212         8.2             6.7           26.0          13.3      0.7209     0.1676
  4_58    -43.78732  28.21257    14.911    3900      1650      543       188         7.9             6.5           27.1          12.5      1.1872     0.1671
  4_59    -43.78732  28.21257    14.911    3900      1500      563       173         8.2             6.6           22.0          12.6      1.3517     0.1459
  4_60    -43.78732  28.21257    14.911    3900      1500      577       176         8.4             6.7           30.3          12.9      1.4189     0.1476
  4_61    -43.78732  28.21257    14.911    3900      1500      564       155         8.2             5.9           32.2          14.0      1.3796     0.0939
  4_62    -43.78732  28.21257    14.911       0         0        0         0         0.0             0.0            0.0           0.0      0.0000     0.0000
  4_63    -43.78732  28.21257    14.911       0         0        0         0         0.0             0.0            0.0           0.0      0.0000     0.0000
  4_64    -43.78732  28.21257    14.911       0         0        0         0         0.0             0.0            0.0           0.0      0.0000     0.0000
  4_65    -43.78732  28.21257    14.911       0         0        0         0         0.0             0.0            0.0           0.0      0.0000     0.0000
  4_66    -43.78732  28.21257    14.911       0         0        0         0         0.0             0.0            0.0           0.0      0.0000     0.0000
avg_  4   -43.78732  28.21257    14.911    2496      2619      851       497        20.5            10.5           39.2          23.5      0.9159     0.6523
std_  4   -43.78732  28.21257    14.911     727       728      224       215         8.1             2.8            8.6           6.5      0.2909     0.4105
